450
1200
1700
1500
900
800
1400
2100
1300
1000
100
800
100
800
100
900
800
100
800
100
800
100
1300
1850
850
850
3200
1200
1500
1150
900
1300
1700
1100
1250
950
300
1600
1800
100
100
100
100
100
100
100
100
100
700
700
100
100
100
100
100
100
100
100
100
700
1600
2250
1400
3200
1600
1450
2450
1200
1300
950
1600
1400
1500
1100
2650
1800
1200
3200
1650
800
800
800
800
800
800
800
800
800
800
800
800
800
800
800
800
800
800
800
800
800
800
800
800
800
800
800
800
800
800
800
800
800
800
800
800
800
800
800
800
800
800
800
800
800
800
800
800
800
800
1600
1450
3200
2400
1150
900
1500
1400
1900
1250
1700
1500
1500
1500
1500
1500
1500
1500
1500
1500
1200
1200
1200
1200
1200
1200
1200
1200
1200
1200
900
900
900
900
900
900
900
900
900
900
600
900
600
900
600
1650
1800
1200
3200
1200
800
1500
900
900
900
100
100
100
100
800
800
100
100
100
100
1350
1100
2450
1600
1200
1450
3200
900
1500
2250
1600
1100
1450
950
1600
1450
100
800
800
100
800
800
100
800
800
100
800
800
100
800
800
100
800
800
100
800
1200
1200
1200
1200
1200
1200
1200
1400
900
1300
3200
900
900
900
900
800
800
800
800
750
750
750
750
800
1100
100
100
100
100
100
100
100
100
100
900
100
900
100
100
100
100
100
100
100
100
100
100
900
100
900
100
100
100
100
100
100
100
100
100
100
900
1450
1200
1600
850
900
1150
900
1500
3000
10000