300
750
600
1250
950
1100
2000
1750
800
1450
1300
925
900
1100
1100
3200
1400
1500
985
1200
600
300
300
300
300
950
800
800
650
300
300
300
300
700
700
700
700
300
300
300
300
1200
1500
3200
1450
1300
900
100
900
100
900
900
100
900
100
1200
1350
900
750
1750
1300
1400
100
1200
1150
1300
900
1500
2300
3200
1800
1400
2600
1300
800
800
800
800
900
800
800
800
800
900
900
900
900
900
900
1950
2100
1600
1350
3200
1000
1250
1100
950
150
1900
2300
1200
1500
950
1650
3200
700
700
700
700
700
700
900
900
900
900
700
700
700
1200
1200
1200
1200
1200
800
800
800
800
800
800
800
800
1200
800
1600
3200
1250
1500
950
1100
1050
950
750
900
1100
800
800
950
950
3000
10000